0,498
0,497
27,3
27,2
27,1
27,0
0,496
0,495
0,494
29,3
29,2
29,1
29,0
0,493
0,492
26,3
26,2
26,1
26,0
0,491
28,3
28,2
28,1
28,0
0,490
0,489
0,488
0,487
0,486
0,485
0,484
0,483
33,52
33,51
33,50
33,49
33,48
33,47
33,46
33,45
33,44
33,43
33,42
33,41
33,40
33,39
33,38
33,37
33,36
17,2
4,41
4,40
4,17
4,4
4,14
4,22
4,10
4,8
4,37
4,90
4,1
4,18
4,2
4,3
6,5
6,6
6,4
6,1
6,7
6,2
6,3
7,12
5,4
5,2
5,1
5,3
24,1
24,3
25,1
25,3
33,35
0,482
0,472
0,278
0,9
17,3
17,1
16,3
16,2
16,1
15,3
15,2
15,1
14,2
13,2
11,30
10,305
10,107
10,131
11,28
11,27
11,24
11,21
11,18
11,15
11,11
11,10
11,6
11,5
10,291
10,111
10,31
10,147
10,119
11,17
10,297
10,289
11,7
11,19
11,16
11,8
